image_width: 640
image_height: 480
camera_name: s20cam
camera_matrix:
  rows: 3
  cols: 3
  data: [492.01804,   0.     , 322.02264,
           0.     , 494.94574, 235.62916,
           0.     ,   0.     ,   1.     ]
camera_model: plumb_bob
distortion_coefficients:
  rows: 1
  cols: 5
  data: [0.044649, -0.043682, -0.000765, 0.000443, 0.000000]
rectification_matrix:
  rows: 3
  cols: 3
  data: [1., 0., 0.,
         0., 1., 0.,
         0., 0., 1.]
projection_matrix:
  rows: 3
  cols: 4
  data: [497.87506,   0.     , 322.32391,   0.     ,
           0.     , 500.71997, 235.29171,   0.     ,
           0.     ,   0.     ,   1.     ,   0.     ]
