# oST version 5.0 parameters


[image]

width
640

height
480

[narrow_stereo]

camera matrix
492.018042 0.000000 322.022641
0.000000 494.945736 235.629161
0.000000 0.000000 1.000000

distortion
0.044649 -0.043682 -0.000765 0.000443 0.000000

rectification
1.000000 0.000000 0.000000
0.000000 1.000000 0.000000
0.000000 0.000000 1.000000

projection
497.875061 0.000000 322.323910 0.000000
0.000000 500.719971 235.291708 0.000000
0.000000 0.000000 1.000000 0.000000
