# oST version 5.0 parameters


[image]

width
640

height
480

[narrow_stereo]

camera matrix
255.473361 0.000000 322.472477
0.000000 257.202056 247.226831
0.000000 0.000000 1.000000

distortion
0.023455 -0.017376 0.000530 -0.000633 0.000000

rectification
1.000000 0.000000 0.000000
0.000000 1.000000 0.000000
0.000000 0.000000 1.000000

projection
253.766968 0.000000 321.894134 0.000000
0.000000 259.048431 247.661317 0.000000
0.000000 0.000000 1.000000 0.000000
