# oST version 5.0 parameters


[image]

width
640

height
480

[narrow_stereo]

camera matrix
497.243442 0.000000 333.346103
0.000000 497.482863 251.447959
0.000000 0.000000 1.000000

distortion
0.102959 -0.061169 0.010688 0.008098 0.000000

rectification
1.000000 0.000000 0.000000
0.000000 1.000000 0.000000
0.000000 0.000000 1.000000

projection
520.216370 0.000000 338.170147 0.000000
0.000000 520.204956 256.353032 0.000000
0.000000 0.000000 1.000000 0.000000
