image_width: 640
image_height: 480
camera_name: s20cam_wide
camera_matrix:
  rows: 3
  cols: 3
  data: [497.24344,   0.     , 333.3461 ,
           0.     , 497.48286, 251.44796,
           0.     ,   0.     ,   1.     ]
camera_model: plumb_bob
distortion_coefficients:
  rows: 1
  cols: 5
  data: [0.102959, -0.061169, 0.010688, 0.008098, 0.000000]
rectification_matrix:
  rows: 3
  cols: 3
  data: [1., 0., 0.,
         0., 1., 0.,
         0., 0., 1.]
projection_matrix:
  rows: 3
  cols: 4
  data: [520.21637,   0.     , 338.17015,   0.     ,
           0.     , 520.20496, 256.35303,   0.     ,
           0.     ,   0.     ,   1.     ,   0.     ]
