image_width: 640
image_height: 480
camera_name: s20cam_wide
camera_matrix:
  rows: 3
  cols: 3
  data: [255.47336,   0.     , 322.47248,
           0.     , 257.20206, 247.22683,
           0.     ,   0.     ,   1.     ]
camera_model: plumb_bob
distortion_coefficients:
  rows: 1
  cols: 5
  data: [0.023455, -0.017376, 0.000530, -0.000633, 0.000000]
rectification_matrix:
  rows: 3
  cols: 3
  data: [1., 0., 0.,
         0., 1., 0.,
         0., 0., 1.]
projection_matrix:
  rows: 3
  cols: 4
  data: [253.76697,   0.     , 321.89413,   0.     ,
           0.     , 259.04843, 247.66132,   0.     ,
           0.     ,   0.     ,   1.     ,   0.     ]
